        22 , 0 , 0 , 0 , 0 , 0 , 0 , 0 , 0 , 0 , 0 , 0 , 0 , 0 , 0 , 0 , 0 , 0 ,2,
        22 , 0 , 0 , 0 , 0 , 0 , 0 , 0 , 0 , 0 , 0 , 0 , 0 , 0 , 0 , 0 , 0 , 0 ,2,
        22 , 0 , 0 , 0 , 0 , 0 , 0 , 0 , 0 , 0 , 0 , 0 , 0 , 0 , 0 , 0 , 0 , 0 ,2,
        22 , 20 , 20 , 20, 20 , 20 , 20 , 20 , 20 , 20 , 0 , 20 , 20 , 0 , 0 , 20 , 20 , 20 ,22,
        22 , 0 , 0 , 0 , 0 , 0 , 0 , 0 , 0 , 0 , 0 , 0 , 0 , 0 , 0 , 0 , 0 , 0 ,2,
        22 , 0 , 0 , 0 , 0 , 0 , 0 , 0 , 0 , 0 , 0 , 0 , 0 , 0 , 0 , 0 , 0 , 0 ,2,
        22 , 0 , 0 , 0 , 0 , 0 , 0 , 0 , 0 , 0 , 0 , 0 , 0 , 0 , 0 , 0 , 0 , 0 ,2,
        22 , 2 , 2 , 2 , 0 , 0 , 2 , 2 , 2 , 0 , 2 , 2 , 2 , 0 , 0 , 0 , 0 , 2 ,22,
        22 , 2 , 2 , 2 , 0 , 0 , 2 , 2 , 2 , 0 , 2 , 2 , 2 , 0 , 0 , 0 , 2 , 22 ,22,
        22 , 0 , 0 , 0 , 0 , 0 , 0 , 0 , 0 , 0 , 0 , 0 , 0 , 0 , 0 , 0 , 2 , 22 ,22,
        22 , 0 , 0 , 0 , 0 , 0 , 0 , 0 , 0 , 0 , 0 , 0 , 0 , 0 , 0 , 0 , 2 , 22 ,22,
        22 , 0 , 0 , 0 , 0 , 0 , 0 , 0 , 0 , 0 , 0 , 0 , 0 , 0 , 0 , 2 , 2 , 2 ,22,
        22 , 0 , 0 , 0 , 0 , 0 , 0 , 0 , 0 , 0 , 0 , 0 , 0 , 0 , 0 , 2 , 22 , 22 ,22,
        22 , 0 , 0 , 0 , 0 , 0 , 0 , 0 , 0 , 0 , 0 , 0 , 2 , 2 , 0 , 2 , 2 , 22 ,22,
        22 , 0 , 0 , 0 , 0 , 20 , 20 , 0 , 0 , 0 , 0 , 20 , 20 , 0 , 0 , 0 , 0 , 0 ,0,
        22 , 20 , 20 , 20 , 21 , 21 , 20 , 20 , 20 , 21 , 21 , 20 , 20 , 20 , 20 , 20 , 20 , 20 ,20,
        22 ,22 ,22 ,22 ,22 ,22 ,22 ,22 ,22 ,22 ,22 ,22 ,22 ,22 ,22 ,22 ,22 , 22 , 22 , 22 , 22 , 22, 22],